"baseMean" "log2FoldChange" "lfcSE" "stat" "pvalue" "padj"
"NM_001305290.1" 145.913727527509 0.458032328480417 0.11618546948808 3.94225138908106 8.07203043199565e-05 0.0095640057222515
"NM_001305310.1" 59.8423979120154 -1.57087577826282 0.264433421928973 -5.94053416850142 2.84094834692359e-09 1.64630374023907e-06
"NM_001305333.1" 595.72866403987 1.67482164760634 0.156352745364795 10.7118147730552 8.95881565053371e-27 5.71070744827621e-23
"NM_001305339.1" 20.3262163592999 -1.09665323957931 0.267054390259342 -4.1064789779877 4.01736005004332e-05 0.00596519915005787
"NM_001305362.1" 319.626991211152 1.18981916538081 0.211052881931491 5.63754048033814 1.72496064475376e-08 8.20566353277492e-06
"NM_001305373.1" 213.693708937155 1.05964545167395 0.306402367712969 3.45834615960475 0.000543502571172347 0.034714456810431
"NM_001308854.1" 1.77112589732955 -3.61629699308571 1.07795989962743 -3.35476022283908 0.000794338034253757 0.0449146947830003
"NM_001308861.1" 14.3051658735129 -0.823104598794168 0.244141731961452 -3.37142115025272 0.0007478144211686 0.0432565176614984
"NM_001308879.1" 70.7193968184283 -0.806903604109965 0.216733172647135 -3.72302769462842 0.000196847919924633 0.0172835727378455
"NM_001308913.1" 1513.8187270477 8.0449714547045 0.795192224246853 10.1170147410887 4.64363035228382e-24 2.11431123697128e-20
"NM_001308924.1" 247.810340886022 5.50943210212202 0.688894507955632 7.9974974956207 1.26973356665033e-15 2.1299446440147e-12
"XM_011413623.3" 27.2802595607624 -0.673037354880961 0.187617810828842 -3.5872785846273 0.000334147264440288 0.0251612159104581
"XM_011413703.3" 321.347448555222 -1.09113732946096 0.2066067320076 -5.28122834555469 1.28320639106089e-07 4.59532068493177e-05
"XM_011413735.3" 6.3007324675163 4.01737653772807 1.19704470603611 3.35607894798783 0.000790559977292267 0.0448340348687885
"XM_011413737.3" 34.2005227601661 -1.36106707135748 0.26454807276311 -5.14487615480098 2.67697352704045e-07 8.79592786121994e-05
"XM_011413957.2" 175.921820131489 0.476591450609502 0.132498960886347 3.59694481693563 0.000321976756559177 0.0245503425479763
"XM_011413989.3" 11.4264959831911 -2.71737160976669 0.630406307430139 -4.31050828289471 1.62879727521619e-05 0.00298350728480979
"XM_011414589.3" 16.0436538254156 0.872914997516073 0.244238407008944 3.57402837746198 0.000351530806690783 0.0254698743759847
"XM_011414951.3" 29.3204222675269 -0.667906387194629 0.18021584832576 -3.70614678675382 0.000210436367195612 0.0181543136783261
"XM_011415190.3" 15.7728077769741 -0.925306437148574 0.27722454790411 -3.33775073002782 0.000844594820360225 0.0466040234698252
"XM_011416606.3" 159.294647472432 1.05245998056351 0.228876603662379 4.59837293861638 4.25803276899687e-06 0.00100527422528495
"XM_011416726.3" 31.4489167141923 0.889285227085581 0.154365017094496 5.76092461766256 8.36543975774525e-09 4.23211580887074e-06
"XM_011416892.3" 17.5944297713054 0.951829721124996 0.26647141634238 3.57197681533701 0.000354296783165441 0.0256057756758479
"XM_011416960.3" 6.39243722381565 -1.30920619734378 0.389335912651404 -3.3626648731888 0.000771940140168285 0.0440274353993213
"XM_011417063.3" 6.20057264172571 6.28665479133601 1.45710077509035 4.3144955371712 1.59967765299226e-05 0.00296423989280055
"XM_011417064.3" 7.67204705560368 -4.48174250697469 1.06250458912895 -4.21809237609868 2.46377886056697e-05 0.00408987290854118
"XM_011417316.3" 27.1218165639274 -3.27108018319599 0.978431146805791 -3.34318893452527 0.000828214902807228 0.0459075919691686
"XM_011417317.3" 24.2311044644935 3.24999538889423 0.6805261798109 4.77570956902395 1.79074687578222e-06 0.000483683766312974
"XM_011417325.3" 20.2002418477155 -1.4056749755149 0.315310037282536 -4.4580724027359 8.26999707565439e-06 0.00175720897863505
"XM_011417799.3" 124.379143374078 -0.647837376517738 0.165117796022537 -3.92348609370557 8.72768054064911e-05 0.0100785737025931
"XM_011417830.3" 31.3021331972616 0.713159979923449 0.201578995757477 3.53786850283481 0.000403370888571247 0.0283802140409333
"XM_011417902.3" 10.5937436910116 1.30084434952548 0.276206680706395 4.70967735537239 2.48109236122275e-06 0.000637720772071706
"XM_011417904.3" 28.142448643327 0.620099741521561 0.154823888460648 4.00519420928492 6.19665487667455e-05 0.00774004165410268
"XM_011417908.2" 20.4986005686716 -0.661249886932962 0.174399093608049 -3.79159015825551 0.000149685788674486 0.0147349678736232
"XM_011418768.3" 167.671865045715 -0.802006883763107 0.206804060721107 -3.87810027021028 0.000105275328794238 0.0116101566758821
"XM_011418872.3" 63.8945100248181 0.753921928174529 0.188146364902455 4.00710334512921 6.14679716971934e-05 0.00771302044855491
"XM_011418954.3" 16.3636508837464 -1.12589102119202 0.259196811428953 -4.34376879478177 1.40058920316009e-05 0.00265711780256658
"XM_011419041.3" 50.1524457114525 -0.800089089400525 0.175704458781649 -4.55360720466866 5.27337786690816e-06 0.00122681094433647
"XM_011419098.3" 15.8494174668267 0.885247157496126 0.195388935472098 4.53069236165904 5.87906962216302e-06 0.00133841219283986
"XM_011419179.3" 53.1582095785975 0.902982211452873 0.139513811671992 6.47234994608172 9.64903272310054e-11 7.15195281280605e-08
"XM_011419181.3" 139.100481996323 0.501445832363995 0.131672522615198 3.80827998434745 0.000139936776676585 0.0142040284911978
"XM_011419576.3" 2916.66376035378 0.532658655931145 0.0893548819699283 5.96115896734559 2.50455166115764e-09 1.47824204711882e-06
"XM_011419645.3" 27.7299637961429 2.78382546511433 0.73809536695865 3.77163384263634 0.000162182126480594 0.0152931027668328
"XM_011419848.3" 2818.97990022202 -1.10763163922547 0.321979242149303 -3.44007157676287 0.000581560362242351 0.0361315630904253
"XM_011419981.3" 7.96062353542306 -3.16683783818273 0.945440683819234 -3.3495891306368 0.000809315124616215 0.0453111540596131
"XM_011420357.3" 27.5851911296517 1.1542525289493 0.17963482550996 6.42554986580431 1.31393682655607e-10 9.51768057636254e-08
"XM_011420371.3" 796.279059471729 4.38731929529344 0.56253853760768 7.79914441764558 6.23283029712229e-15 9.02967123772189e-12
"XM_011420372.3" 22.194919055135 2.89446535103751 0.766556241051976 3.77593344888213 0.000159409552645483 0.0151917733505726
"XM_011420610.3" 11.1946686247735 -3.1982130240559 0.837823537162561 -3.81728715200246 0.000134927101466886 0.0137392861915418
"XM_011420631.3" 19.5525381598568 1.62216228195287 0.474341150940625 3.41982195459133 0.000626621336604335 0.0381867595415934
"XM_011420662.3" 12.8311635536584 -0.83716348782515 0.250830773205951 -3.33756291991244 0.000845165837272809 0.0466040234698252
"XM_011420824.3" 10.7001437164755 2.7335902637835 0.592317894442268 4.61507290161725 3.92957356243514e-06 0.000941679463022051
"XM_011420913.3" 109.850426931545 0.667241536791953 0.194577785432627 3.42917633330238 0.000605416052751681 0.0371788447655136
"XM_011420959.3" 27.6158999325457 1.30427973517696 0.210821867088759 6.18664350708857 6.14587356946125e-10 3.99757719195651e-07
"XM_011420983.3" 31.3480669716257 -1.0301735860676 0.247217574968355 -4.16707261285719 3.08536239968626e-05 0.00486815200013864
"XM_011421012.3" 29.5603990386456 -0.712484863185599 0.175319939184694 -4.06391233363945 4.82569567645874e-05 0.00647886168330535
"XM_011421699.3" 5.19921541692875 2.04690872856207 0.572473759236029 3.57555031219891 0.000349491952432634 0.0254698743759847
"XM_011422329.3" 4.07731826513437 3.06711392037958 0.817894433405398 3.75001197600686 0.000176826125214627 0.0161484305525518
"XM_011422342.3" 75.3533660008981 -1.15863539263211 0.165806045017777 -6.98789596306867 2.7903917514061e-12 2.61574605590633e-09
"XM_011422632.3" 22.3642622208987 -1.56228389174533 0.381693783613511 -4.09302943567778 4.25773645598456e-05 0.00611272866329459
"XM_011422990.3" 339.214376499151 0.631227747957553 0.17952720357978 3.51605625983608 0.000438008159032894 0.0302824209212503
"XM_011423572.3" 32.4060551267477 0.733443681023547 0.187583790605097 3.90995234000575 9.23143334536462e-05 0.0105456718130273
"XM_011424137.3" 18.2937483414135 0.727787155065587 0.171685541866219 4.23907072869707 2.24446941228367e-05 0.00378495921207964
"XM_011424142.3" 43.3313119989511 -1.01315219118387 0.237545714741261 -4.26508300639063 1.99827896888973e-05 0.00346200388582046
"XM_011424173.3" 110.309484603733 0.781144017657389 0.196306910806139 3.97919774932835 6.91482084467706e-05 0.0085092343614497
"XM_011424596.3" 20.3630693053611 -0.621631330424378 0.171247484266482 -3.63001729974056 0.000283402224784963 0.0224133888544574
"XM_011424712.3" 148.959750110254 -0.744505314311165 0.136563748625994 -5.45170531566277 4.98890780589106e-08 2.0650190855761e-05
"XM_011425176.3" 25.6428136549666 -1.04547632430034 0.202672907823976 -5.15844142922322 2.49013978685251e-07 8.43363994163387e-05
"XM_011425181.3" 105.697687474884 -0.512686427422144 0.150731402817637 -3.40132459353822 0.000670601492944357 0.039950300529201
"XM_011425228.3" 189.011740577459 -0.638304671537547 0.1663118681543 -3.83799832580405 0.000124041327735466 0.0128645573637087
"XM_011425478.3" 58.0243194013696 -0.704696756442747 0.129539644841444 -5.44000840287382 5.32780582378771e-08 2.10346991532401e-05
"XM_011425483.3" 292.452299814382 -1.13587520698887 0.231060783029773 -4.91591516351134 8.83686623230142e-07 0.000256044182323555
"XM_011425751.3" 136.811339493089 -0.3844993663025 0.105637434027108 -3.6398022144672 0.000272847537423925 0.0219047776140437
"XM_011425772.3" 27.8721809056041 -0.624623126341404 0.16277037079647 -3.83744979682106 0.000124318639182426 0.0128645573637087
"XM_011425989.3" 32.1442227394995 1.19984947665004 0.238978706112317 5.02073802377242 5.1473322816485e-07 0.000154769598566699
"XM_011426213.3" 6.72548550292684 1.52579281134826 0.373606728919728 4.0839543114227 4.42757397566519e-05 0.00621993466306719
"XM_011426240.3" 70.113585152614 0.656601931088071 0.160864714668891 4.08170264336439 4.47069732228636e-05 0.00621993466306719
"XM_011426321.3" 4.37701346501495 -2.01500897838379 0.546640795810136 -3.68616648049017 0.000227657455472422 0.0193490624555121
"XM_011426616.3" 6.91543911288599 -1.13032342820753 0.326700129798012 -3.45981934230137 0.000540537908254228 0.0346640326194744
"XM_011426647.3" 31.7833873365687 -0.442257899023283 0.129823164612543 -3.40661776612209 0.000657731683858476 0.0395532532602591
"XM_011426829.3" 12.8808859092106 -6.77440766103861 1.40285558522279 -4.82901285948315 1.37211548313269e-06 0.000387009421932789
"XM_011426844.3" 154.745367606015 1.09708308224531 0.331858783949994 3.30587326689722 0.000946809011988876 0.0498029803670218
"XM_011426889.3" 27.3138802475444 -0.723211030203326 0.21540649037211 -3.35742450914082 0.000786722233048469 0.044695919806989
"XM_011427084.3" 122.040470051277 0.67922931574437 0.142379186519476 4.7705660662098 1.83708917956374e-06 0.000492031145639121
"XM_011427263.3" 3.5088099422456 3.4576040836868 0.794144461814176 4.3538729411877 1.3375324785628e-05 0.00258362637313659
"XM_011427409.3" 40.2959841267371 -0.601174269266477 0.181190757813169 -3.3179080242402 0.000906943437042837 0.048581682731814
"XM_011427593.3" 30.6459236846483 -0.777785830739395 0.223118599433403 -3.48597487038076 0.000490347065392996 0.0322899621243917
"XM_011428050.3" 7.87620161163659 -3.98098135399701 0.923051769623905 -4.31284732341616 1.61165416776533e-05 0.00296917003670616
"XM_011428302.3" 5.53307172447331 2.34312602170154 0.595245903459581 3.93640007950202 8.27130362233985e-05 0.00972815218969641
"XM_011428362.3" 43.3917640918921 -2.03683362284003 0.589125802642176 -3.45738314924421 0.000545448733228679 0.0347690840509289
"XM_011428813.3" 5.80023420857106 2.22769101896025 0.620700590678018 3.58899452073479 0.000331955817147552 0.0251308688934128
"XM_011429405.3" 71.7207068840047 -0.529697208979032 0.158405619931391 -3.34392939599274 0.000826007562012699 0.045865005255172
"XM_011429412.3" 39.2247465716694 -2.72138381172515 0.738602959581484 -3.68450163436547 0.000229150555514178 0.019410607478686
"XM_011429469.3" 4.89216864631806 -1.33021760452102 0.398950325748714 -3.33429381721795 0.000855162736206228 0.046839482386644
"XM_011429964.3" 21.6619025125622 -1.07989862544035 0.302025371526194 -3.57552287737752 0.000349528607292316 0.0254698743759847
"XM_011430087.3" 73.6919052912979 0.680003047654851 0.163881572303701 4.14935638031767 3.33411393732971e-05 0.00515848929177536
"XM_011430130.2" 8.34767748215322 1.59517607773226 0.481979983054982 3.30963138265908 0.000934189114172819 0.0495415564840534
"XM_011430224.3" 82.7316892849441 -3.60006738722779 0.725669358036821 -4.96102990619196 7.01203938855893e-07 0.000205034604946927
"XM_011430225.3" 10.3341164442055 22.2392897134032 2.94686657712057 7.5467582706556 4.46225699863628e-14 5.26744648372354e-11
"XM_011430243.2" 251.707413531501 -1.89845477783065 0.427545147750383 -4.44036094859165 8.98081186498103e-06 0.00186810595022375
"XM_011430257.3" 25.1502168835693 -0.660410705691216 0.18807794355626 -3.51136711303773 0.00044580828638076 0.0304256995792882
"XM_011430301.3" 61.6082061345134 -2.79478583788205 0.595602333574661 -4.69236885139187 2.7005965681335e-06 0.000688587310556408
"XM_011430339.3" 20.1964924424461 1.68619744071713 0.425386975220237 3.96391412746977 7.37307840972226e-05 0.00883438928852135
"XM_011430436.3" 29.1963223032311 -0.756269828408576 0.215205575692043 -3.51417395193697 0.000441123838104064 0.0303131399503534
"XM_011430500.3" 26.8703843177124 -24.1727690766072 2.65905952707694 -9.09072129843589 9.83841673420196e-20 2.72866194807605e-16
"XM_011430508.3" 4.15334243589964 -3.47974701385454 0.979030919592357 -3.55427693264623 0.000379019883529915 0.0270248808229652
"XM_011430645.3" 22.530950055524 0.795236161677099 0.190632165158781 4.17157388426413 3.02502937301962e-05 0.00486815200013864
"XM_011430696.3" 68.2495661332155 0.775940128919713 0.221270436717372 3.50675011280797 0.000453614913422615 0.0306590902719862
"XM_011430699.3" 45.4713275467702 -0.949382871100474 0.21545435405151 -4.40642230360078 1.05091980045984e-05 0.00216096231485524
"XM_011430921.3" 22.4993221130806 1.84631062176688 0.447141414324651 4.12914250977063 3.64118672353018e-05 0.00550009020153335
"XM_011430923.3" 98.6285661858198 0.547936394426049 0.103358004993703 5.30134453020286 1.14952917401819e-07 4.21124067061009e-05
"XM_011431087.3" 42.0277309749832 0.654567508140832 0.14500208516185 4.51419376080151 6.35580891188684e-06 0.00142656578619477
"XM_011431174.3" 230.042624691753 0.908869238326257 0.225065951106427 4.03823516555144 5.3854849215819e-05 0.00697748680571782
"XM_011431272.3" 46.7258625658079 -0.702250796558921 0.199980092720079 -3.51160351516534 0.000445411961737075 0.0304256995792882
"XM_011431577.3" 119.959146433383 2.05084001770403 0.527001588167846 3.89152530798608 9.96159960335753e-05 0.0111402141248495
"XM_011431655.3" 1024.72884792241 -3.68128510055465 0.492978709142021 -7.46743222838477 8.17748181100942e-14 8.68775667601640e-11
"XM_011431825.3" 15.3547592263269 -0.799686193560415 0.219253450215084 -3.64731406860844 0.000264995938878585 0.0215465861477482
"XM_011431987.3" 115.899514793217 2.16900851280214 0.512424109445963 4.2328385273427 2.30760189033505e-05 0.00387094144467151
"XM_011431991.3" 18.4542935467809 1.83929079105717 0.457698817686044 4.01856137701194 5.8554557315332e-05 0.00746500340301705
"XM_011432386.3" 13.0654763954317 -4.01207532923434 0.917188144227882 -4.37432096618719 1.2181104524522e-05 0.00239651952719485
"XM_011432388.3" 62.7522494908849 -2.07392212279966 0.506063566604926 -4.09814548933677 4.16473488777006e-05 0.00608891882307373
"XM_011432500.3" 18.7746296995967 1.81542526577015 0.459648701936926 3.94959293503947 7.82842120313559e-05 0.00930997912635587
"XM_011432571.3" 9.17868540076901 2.82289273057744 0.779036238735391 3.62357049674587 0.000290563960220806 0.0228099865521121
"XM_011432647.3" 267.290272950827 0.462863321069571 0.119048019664934 3.88803881301276 0.000101057469412051 0.0112619009269262
"XM_011432819.3" 25.247867792761 0.665301674447586 0.200982014841026 3.31025477565159 0.000932110868021715 0.0495137293093135
"XM_011432843.3" 41.9902834043823 -0.673265674321006 0.188835506703376 -3.56535529824153 0.000363363599253241 0.0261424935336328
"XM_011432913.3" 17.60202474378 0.949133642047527 0.280617108016866 3.38230854403389 0.000718793621732196 0.0421128498379569
"XM_011433143.3" 393.903876103428 -1.46979081242027 0.390654403859411 -3.76238127075925 0.000168303212679953 0.0155934883562077
"XM_011433170.3" 9.60366788859965 -1.6846902566326 0.439532989109527 -3.83290969819057 0.000126636448752234 0.0130619964227547
"XM_011433250.3" 5.39770682303622 3.09931709584884 0.747174447561528 4.1480501721703 3.35318923578768e-05 0.0051629394842041
"XM_011433640.3" 9.37291454915169 5.90053650852247 1.0538441974726 5.59905963583 2.15517654964897e-08 9.95504159281332e-06
"XM_011433641.3" 12.7530475452326 5.26249696863594 1.39525272874035 3.7717159481114 0.000162128758931104 0.0152931027668328
"XM_011433645.3" 236.919914928387 1.9310390922362 0.405712018804387 4.75962999057034 1.93948181343637e-06 0.000512549939315449
"XM_011433685.2" 44.5289729223342 1.48070007417693 0.369766140148247 4.0044231026218 6.2169009269901e-05 0.00774004165410268
"XM_011433770.3" 35.3916272521678 0.685662431858163 0.169338982795067 4.04905250132479 5.1425408540297e-05 0.00677285380577003
"XM_011433782.3" 29.9646423387464 0.653115418180149 0.195004277405725 3.34923636993501 0.000810346316954678 0.0453111540596131
"XM_011433858.3" 181.786413127361 -0.783547707449807 0.18344418631129 -4.27131392498963 1.9432463179296e-05 0.00342183130635648
"XM_011434034.3" 16.8970170933725 0.980822142302764 0.268367315618393 3.65477494918737 0.000257407673928208 0.0211445808851542
"XM_011434093.3" 4.45592897295842 3.0652155274927 0.81921152528276 3.74166553190851 0.000182804706863299 0.0165580004432651
"XM_011434186.3" 312.751950444604 0.943252040895097 0.253143079874055 3.72616166858832 0.000194417732805376 0.0171884015933222
"XM_011434432.3" 29.8003879875406 0.684840390567488 0.168830987114932 4.05636667930681 4.98419910970328e-05 0.00659155161927232
"XM_011434464.3" 43.8844479420681 2.96592757728228 0.871471442448686 3.40335601697805 0.000665634857103938 0.0398401088753312
"XM_011434591.3" 67.0545185001124 -0.635898369749652 0.1722253588413 -3.69224586917896 0.000222282413452984 0.0189935256878646
"XM_011434867.3" 504.705043710851 0.663102819843297 0.0883372754149067 7.50648938094144 6.07340615624778e-14 6.73909542789746e-11
"XM_011435315.3" 457.319170713284 0.600830733862963 0.158775150825378 3.78416100214423 0.000154227964665462 0.0149864441762732
"XM_011435569.3" 1625.40576881907 0.579472410208691 0.174522774135991 3.3203254593991 0.000899125618797449 0.0483253486042366
"XM_011435952.3" 8.91068371355117 0.960368183971755 0.285271999410181 3.36649999283976 0.000761285841826832 0.0439559825193928
"XM_011436004.3" 12.5290829267856 -0.767396964240973 0.208467369383764 -3.68113708399267 0.000232196116059241 0.0195265293167286
"XM_011436622.3" 114.250088960757 0.449542709600381 0.107873967016712 4.16729561387815 3.0823466649333e-05 0.00486815200013864
"XM_011436623.3" 1407.94105206064 0.750449435329613 0.215313693249812 3.48537719084556 0.000491443753508484 0.0322954542511802
"XM_011436760.3" 78.8504771137912 -0.551738639004278 0.151319459359129 -3.64618431324704 0.000266163101699606 0.0215856243698979
"XM_011436951.3" 120.111611893447 -0.495180153619035 0.147194518968133 -3.36412087277678 0.000767879049012784 0.0440274353993213
"XM_011437136.3" 5.78612942672662 -5.36534442572199 1.42521235655075 -3.76459297525809 0.000166820590250572 0.0155465083405445
"XM_011437363.3" 5.19724948969648 -2.27180168790583 0.589400598429992 -3.85442718239057 0.000116000901444748 0.0122829924612858
"XM_011437364.3" 3.77649153538448 2.04280903028703 0.556699511966389 3.6695003073945 0.000243025045665707 0.020276686532611
"XM_011437548.3" 24.1493073481609 3.13763443852736 0.66064290176966 4.74936524728048 2.04056110685593e-06 0.000533088226210756
"XM_011437549.3" 12.5115370401127 1.74455432135385 0.460434794815286 3.78892807624088 0.000151298705631094 0.0148375149103823
"XM_011437582.3" 84.608878889843 -0.599259743434408 0.169234173491265 -3.54100907087385 0.000398599874439434 0.0282688664559778
"XM_011437603.3" 117.486825300661 3.9539275714046 0.506181612237817 7.81128250377246 5.66089698239104e-15 8.59162422013178e-12
"XM_011437870.3" 3.07803113564915 -2.2011863245396 0.638849752368475 -3.44554618105261 0.000569906577610435 0.0356871896761132
"XM_011437990.3" 1600.00370071807 8.77944991543938 0.812519459733907 10.8052180292575 3.25183562315097e-27 2.5910626245267e-23
"XM_011438030.3" 76.7210327672787 0.814961398027403 0.147494389346895 5.52537219643439 3.28787844016135e-08 1.43549673486058e-05
"XM_011438102.3" 249.812528501779 3.054831142274 0.447593514726703 6.82501207404504 8.79179207316156e-12 7.7836665821057e-09
"XM_011438148.3" 42.4508478831828 -0.631632254001966 0.180728982630962 -3.49491401327546 0.000474214504082184 0.031422379779849
"XM_011438370.3" 6.74388817453533 2.32248381999236 0.681734599148153 3.40672722624665 0.000657467982958269 0.0395532532602591
"XM_011438573.3" 17.9297263154296 1.22611887308063 0.342722549368782 3.57758447857857 0.000346784156795093 0.0254698743759847
"XM_011439059.3" 36.5259250201622 -0.806273591433199 0.232781508471455 -3.46364965468066 0.000532900073662038 0.0343817634569969
"XM_011440038.3" 10.402741805744 1.92130526871022 0.535841308612008 3.5855863253376 0.000336321725746744 0.0251625493967142
"XM_011440133.3" 141.916109970883 -0.78028038843825 0.232600187977585 -3.35459913090631 0.000794800698343755 0.0449146947830003
"XM_011440434.3" 20.094790801692 0.984484007542521 0.231141382428455 4.25922869024653 2.05133516096973e-05 0.00353406239191499
"XM_011440442.3" 31.8013219501091 -0.835227726695859 0.210349335260836 -3.97066967509151 7.16708922579708e-05 0.00873979906762005
"XM_011440790.3" 622.2308308964 -0.453597345222458 0.115387195676131 -3.9310890828443 8.45619295066564e-05 0.00990866844572114
"XM_011441056.3" 143.472983165087 0.731199565762078 0.15305289879467 4.7774303624463 1.7754950830145e-06 0.00048366307081913
"XM_011441100.3" 40.5947596806493 0.735316107886811 0.217793618501947 3.37620593727469 0.000734928872426095 0.0426293321842664
"XM_011441269.3" 31.3116529583797 -1.22293184984781 0.28986572310198 -4.21895985755295 2.45431961912472e-05 0.00408987290854118
"XM_011441367.3" 7.70877461676302 -1.34868844142413 0.360459938818044 -3.74157651429034 0.000182869482807145 0.0165580004432651
"XM_011441514.3" 13.2445592023 0.848682021225095 0.230153134166544 3.68746671340556 0.000226497710745699 0.0193019653392699
"XM_011441523.3" 3.7698491672903 -1.41046346632458 0.3774709201661 -3.73661490454398 0.000186514237679353 0.0167453007980742
"XM_011441619.3" 6.04830073247203 2.92523288121684 0.883631140688336 3.31046830121687 0.000931400009264136 0.0495137293093135
"XM_011441686.3" 18.1697163948132 -4.53614705572005 1.2628020909029 -3.59212824273732 0.000327988362626153 0.0249333400859117
"XM_011441767.3" 16.0023126365504 5.57935507345286 1.56111113935767 3.57396403932427 0.000351617241636335 0.0254698743759847
"XM_011442016.3" 262.029324462359 -0.448875576352686 0.105659058378738 -4.24833973764634 2.15360627294184e-05 0.00367057428509103
"XM_011442020.3" 26.5683906234392 -0.884166721150707 0.216518972048519 -4.08355310754283 4.43522872654678e-05 0.00621993466306719
"XM_011442175.3" 6.09748505111761 -5.93944730172501 1.77117853199325 -3.35338713429462 0.000798289640833949 0.0449524512944516
"XM_011442247.3" 12.0966741631031 -1.61198086153737 0.431186602227647 -3.73847622632374 0.000185138996331693 0.0166687855680331
"XM_011442617.3" 874.592719897969 0.402824067823958 0.106845102823356 3.77016875064398 0.000163137201724752 0.015337784346228
"XM_011443066.3" 1291.97429192723 0.737600184299305 0.131869269197015 5.59341982245551 2.22640063181645e-08 1.01371201338934e-05
"XM_011443186.3" 37.1591852032447 -1.12453900807498 0.297419111947547 -3.7809910758973 0.000156205274149738 0.0150802087077345
"XM_011443323.3" 34.8929455161679 0.548157714976586 0.159100577661648 3.44535339238258 0.000570313245331507 0.0356871896761132
"XM_011443599.3" 19.924914041222 -0.823772062991645 0.222294639175071 -3.70576666197907 0.000210752260949443 0.0181543136783261
"XM_011443620.3" 146.431064867348 0.766555187549422 0.186793330419115 4.10376101667803 4.06487364958332e-05 0.00599794689627405
"XM_011443836.3" 33.6761150381631 -0.632707683914597 0.151761573949371 -4.16909015536222 3.05818010403922e-05 0.00486815200013864
"XM_011444212.3" 4.24478819679321 -1.85415940652298 0.51289216213966 -3.61510575398128 0.000300225040222657 0.0232251759271275
"XM_011444215.2" 4.24478819679321 -1.85415940652298 0.51289216213966 -3.61510575398128 0.000300225040222657 0.0232251759271275
"XM_011444354.3" 22.4407279984556 -2.76486529433051 0.787745181603915 -3.50984729440174 0.000448364110073005 0.0304696394802704
"XM_011444450.3" 57.369727594445 -1.1574572654951 0.314288702134539 -3.68278356057362 0.000230701025116229 0.0194521245304351
"XM_011444504.3" 6.52527523756299 -1.26165803443617 0.337319927596539 -3.74024162588226 0.000183843440176145 0.0165990315164139
"XM_011444981.3" 20.5830767407763 0.814253731929341 0.209890163401802 3.87942778609676 0.000104702478460547 0.0115870742829673
"XM_011445239.3" 20.9903161094338 0.872306671775998 0.217546355059891 4.00975080247082 6.07828616430504e-05 0.00770000105382217
"XM_011445240.3" 15.3451094469675 1.41252833187451 0.427454335420159 3.30451282120249 0.000951416240682703 0.0499564059687629
"XM_011445288.3" 136.506825719012 -0.496833631054856 0.143891176713924 -3.45284292199954 0.000554711912661933 0.0351668613716534
"XM_011445572.3" 7.1466835827924 -3.95156676177964 1.07397094000549 -3.67939821701268 0.000233784972054262 0.0196084069192459
"XM_011445615.3" 57.5309329251779 -0.686035451539318 0.206084792123813 -3.32889896663096 0.000871900271473515 0.0473410655066505
"XM_011445887.3" 326.745146480123 0.532309338762124 0.151806362235167 3.50650217108495 0.000454037732441563 0.0306590902719862
"XM_011445894.3" 8.39495022962568 -6.39984071120278 1.34479620866679 -4.75896694975626 1.94586290967524e-06 0.000512549939315449
"XM_011445901.3" 2474.68491322428 0.521331712978387 0.129673724970572 4.02033421263018 5.81156355389312e-05 0.00743880134898319
"XM_011445971.3" 36.6835397351195 -0.650233999769042 0.173088756879962 -3.7566507004264 0.000172202589438672 0.0158625460421658
"XM_011446090.3" 15.7986412606362 0.867934464947864 0.197510648098226 4.39436796600568 1.11095500787239e-05 0.00224103531714612
"XM_011446139.3" 78.8744692001001 0.673777303046092 0.149060213759222 4.52016863557198 6.17903912989168e-06 0.00139672578119084
"XM_011446277.3" 96.8609596102395 -2.20445096319347 0.339194720853882 -6.49907214842269 8.08168989353027e-11 6.13284810206183e-08
"XM_011446311.3" 2.75676095082909 3.99550875321979 1.10507241811976 3.61560807030006 0.000299643435357969 0.0232251759271275
"XM_011446726.2" 4.70816188245875 -5.5641929866271 1.20361025211781 -4.62291923555537 3.78377070232436e-06 0.00092009323278717
"XM_011446920.3" 45.6113911473958 -0.696195680131609 0.170603688568909 -4.08077742029831 4.48853216775055e-05 0.00621993466306719
"XM_011447253.3" 5.27786130663539 -1.84325949092524 0.454094176412164 -4.05920090296905 4.92409352864715e-05 0.00653919620604342
"XM_011447370.3" 75.9994060453654 0.479487058625704 0.131927446380893 3.63447540128502 0.000278546830740923 0.022250237066102
"XM_011447398.3" 14.6805992363319 -0.765749843345629 0.226795909056527 -3.37638296268727 0.000734456118444555 0.0426293321842664
"XM_011447411.3" 23.143209101105 -6.21065006629232 1.1320099089644 -5.48639196274707 4.10226117877791e-08 1.7203587932896e-05
"XM_011447654.3" 148.897169088963 0.598456693341579 0.118762939690396 5.03908622421862 4.67759730888636e-07 0.000144742117892064
"XM_011448021.3" 39.8599854729022 -1.15009851421327 0.308683767159445 -3.72581468989008 0.000194685397062918 0.0171884015933222
"XM_011448507.3" 25.906836325557 -1.10721860080263 0.33181263672547 -3.33687894388031 0.000847248422348857 0.0466381722229754
"XM_011448744.3" 15.0696963683801 1.03266980906435 0.262984371330839 3.92673451976823 8.61069321780963e-05 0.00997963688138285
"XM_011448822.3" 52.2397100986652 0.474907542569128 0.129885730734779 3.65634885281486 0.000255833142508482 0.0210695450078303
"XM_011448927.3" 85.2521832397361 -0.992536299949067 0.239193049938537 -4.14951981340641 3.33173449949718e-05 0.00515848929177536
"XM_011448982.2" 28.7113499588733 -0.913654603549136 0.214674523007196 -4.2559992250152 2.08117426680292e-05 0.00356619280814746
"XM_011449189.3" 14.1725323970073 -1.81267559580618 0.41811010624554 -4.33540249022745 1.4549365947608e-05 0.002743889890427
"XM_011449346.3" 34.6801716792197 1.56748064264577 0.171036022568228 9.16462286195 4.97205241580576e-20 1.58469254596561e-16
"XM_011449438.3" 3.32590246752941 -1.60454186855348 0.439476143385963 -3.65103292340563 0.000261187751994927 0.021345066747647
"XM_011449497.3" 36.1059908434215 -0.746944721180646 0.191201542082982 -3.90658314280996 9.36104425890127e-05 0.0106176228690285
"XM_011449510.3" 39.0474837907457 0.641905127329209 0.157115024865025 4.08557442472901 4.39679037982939e-05 0.00621993466306719
"XM_011449723.3" 100.097938311194 1.20207563528076 0.161508225278656 7.44281372175801 9.85630270983702e-14 1.01335509667073e-10
"XM_011449777.3" 9.12430865458349 -3.34529685805218 0.935515569644105 -3.57588581804664 0.0003490439836595 0.0254698743759847
"XM_011449847.3" 150.143014059284 -0.462949325250907 0.138769874768512 -3.33609384618365 0.000849644771374638 0.0466894450918146
"XM_011450148.3" 66.6297085363087 -0.50845211354314 0.135569209009588 -3.75049848898345 0.000176483368648522 0.0161484305525518
"XM_011450198.3" 59.3511536492911 0.766933822764714 0.21239767660183 3.61083904040269 0.000305208040500768 0.0235534882974346
"XM_011450350.3" 32.5452007807539 0.793939923172574 0.221498171496001 3.58440847529483 0.000337843005936206 0.0252171716281001
"XM_011450391.3" 94.0421641298515 0.795092911511253 0.184262716730683 4.31499614039315 1.59605691813014e-05 0.00296423989280055
"XM_011450479.3" 31.0958056768653 3.50424498440037 0.485164949008803 7.22279091174986 5.09312941112293e-13 4.91903698761546e-10
"XM_011450557.3" 2037.09069407763 0.494252980477784 0.12016529149733 4.11310932066242 3.90365409977948e-05 0.00584118607831791
"XM_011450764.3" 1.69090214259313 19.6229312068801 2.95743554882601 6.63511710835751 3.24244999502932e-11 2.58358415603937e-08
"XM_011450795.3" 176.004777804837 0.651455874711172 0.0891752751205157 7.30534191042039 2.76562574346613e-13 2.75456324049227e-10
"XM_011450825.3" 512.990358465912 1.60802758519585 0.353460163983234 4.54938844331019 5.38020470345603e-06 0.00124259336455471
"XM_011450883.3" 154.273251212697 0.325480346071523 0.0929179680150284 3.50287843163854 0.000460259471968538 0.0309147674146954
"XM_011451275.3" 538.465750326618 0.693713494812251 0.0816845923602536 8.49258684860378 2.02087686189798e-17 4.42490205564532e-14
"XM_011451289.3" 36.8556266290696 -1.26958644307872 0.295012782593235 -4.30349638384731 1.6812359341751e-05 0.00306196295394451
"XM_011452018.3" 10.425214616153 -0.88086189107312 0.249671307309216 -3.52808618886342 0.000418575842667919 0.0291922303227832
"XM_011452055.3" 46.4131085279666 0.633563172055986 0.1700296323387 3.72619268383716 0.000194393824049796 0.0171884015933222
"XM_011452448.3" 19.3554813541468 -0.857072275704954 0.249417816605452 -3.43629130977734 0.000589736494334188 0.0364265146267815
"XM_011452951.3" 43.2939446951816 -1.15748237435865 0.20969004718862 -5.51996811425901 3.39061182048017e-08 1.44087439923125e-05
"XM_011453183.3" 6.09928074166865 3.71042862548074 1.01361809400506 3.66057852304107 0.000251646417073703 0.0208324015713586
"XM_011453270.3" 1610.81934246318 -1.49841716426274 0.437871235316562 -3.42204977949614 0.00062150933634945 0.0379477884446929
"XM_011453340.3" 23.9042311674467 -7.91028639813364 2.23507812773958 -3.53915431409712 0.000401411126491957 0.0283675730012232
"XM_011453448.3" 25.5103497981643 0.791452183275828 0.223942233391093 3.53418009319231 0.000409042265330416 0.0286110078123451
"XM_011453524.3" 5.03058079797454 -2.75877169960626 0.805948295777136 -3.42301325539266 0.000619310572009846 0.0378861162209171
"XM_011453578.3" 64.1321421810658 0.897551271569683 0.236515831612725 3.7948887626235 0.000147709666049846 0.0146660513281641
"XM_011453647.3" 17.706207010987 -0.868995604539779 0.260942332400447 -3.33022088269757 0.000867771159916551 0.047212485314699
"XM_011453904.3" 62.0493801045463 -1.00304913433584 0.285438458276327 -3.51406443403925 0.000441305752289282 0.0303131399503534
"XM_011453975.3" 36.9006550019343 0.771514916044384 0.222869452009948 3.46173470202613 0.000536705925895161 0.0344876840123601
"XM_011453979.3" 38.1053711743011 0.680254005562408 0.162484189472314 4.1865858319607 2.83181875570698e-05 0.00462849884009708
"XM_011453981.3" 27.7696679325346 -0.607790051396797 0.138469977474054 -4.38932729306383 1.13701836187771e-05 0.00227918548614882
"XM_011454256.3" 10.3634744676732 -22.865054384141 2.94610051662275 -7.76112500409602 8.41792943525428e-15 1.16650542156706e-11
"XM_011454280.3" 9.47513454219589 22.1182983993625 2.94704926854732 7.50523536726117 6.13183256177919e-14 6.73909542789746e-11
"XM_011454878.3" 27.2302569078165 -8.09801952796209 0.987112708201394 -8.20374356512681 2.33014863283509e-16 4.12591651253999e-13
"XM_011454880.3" 27.4710433356529 4.51058517378555 0.847311910200443 5.32340584321365 1.01842178889204e-07 3.84340806816629e-05
"XM_011454889.3" 138.384099578687 0.813876805268753 0.20831778669459 3.90690021328787 9.34877388537425e-05 0.0106176228690285
"XM_011454902.3" 68.912695740906 1.35359859632122 0.238061237216169 5.6859260757857 1.30105669755763e-08 6.28292107038741e-06
"XM_011455053.3" 42.3889922058435 -0.746844962050154 0.175108469708287 -4.265041909705 1.9986468216333e-05 0.00346200388582046
"XM_011455219.3" 325.125679511977 6.29880795898524 0.752191956441009 8.37393687216226 5.57246173890423e-17 1.11003437838972e-13
"XM_011455306.3" 26.1699859645239 -0.812006206188653 0.214169632390511 -3.79141616449182 0.000149790712570718 0.0147349678736232
"XM_011455313.3" 59.6539514578892 -0.592575694436737 0.157261549991405 -3.76809013054446 0.000164501311714378 0.0154205464910607
"XM_011455565.3" 13.4427973424165 -1.09132376996602 0.248844663995467 -4.38556227183514 1.15686555378388e-05 0.00230447618313749
"XM_011455894.3" 13.8506394685574 0.926948570945066 0.244432268346592 3.79225123268382 0.000149287769841726 0.0147349678736232
"XM_011455935.3" 51.4452393054995 -0.968106697959529 0.154608903505661 -6.26164907717674 3.80927408323197e-10 2.52935799126603e-07
"XM_011456001.3" 151.754762963238 0.392293047599784 0.0863579408106013 4.5426401314982 5.55540431170084e-06 0.00127382623181676
"XM_011456072.3" 75.0523216694796 -0.700837047151867 0.186436228451214 -3.75912478478001 0.000170508784401484 0.0157520463085336
"XM_011456091.3" 3.72369981902159 -4.21179855598393 1.20247640031124 -3.50260392211753 0.00046073401487137 0.0309147674146954
"XM_011456107.3" 337.793509702398 -1.5686988520396 0.125237374394423 -12.5258043744923 5.39416794541185e-36 8.59614603780832e-32
"XM_011456110.3" 5.49014788663479 -4.09717655945115 1.16489147507468 -3.51721739502685 0.000436096454219954 0.0302157960628225
"XM_011456111.3" 229.903497133701 -1.37723117228049 0.09683099697848 -14.2230402996529 6.59253803055694e-46 2.10117372109911e-41
"XM_011456293.3" 6.65415173080512 -1.4836098041176 0.345315653809767 -4.29638734227472 1.73604131409068e-05 0.00314381299788058
"XM_011456384.3" 617.732561072796 1.79089455912975 0.309534533433376 5.7857665807593 7.21823885693510e-09 3.76979357621227e-06
"XM_011456565.3" 64.9630737859353 -0.610437243020726 0.160698177653816 -3.79865691032141 0.000145482314060356 0.0145315222105784
"XM_011456757.3" 7.62935652122307 -3.54126085028411 0.671511670294127 -5.27356560867067 1.33798390489378e-07 4.68617835349172e-05
"XM_011456825.3" 14.0726004836648 -0.948750825898152 0.251535975948057 -3.77182954574288 0.000162054949112762 0.0152931027668328
"XM_011456828.3" 41.4828246316643 -0.990081011016276 0.222502607989363 -4.4497501398438 8.59702480279442e-06 0.0018026603586491
"XM_011456964.3" 28.3653318823403 -2.51186442976766 0.474791444617185 -5.29045849129175 1.22010111095281e-07 4.41898438730546e-05
"XM_011457389.3" 1047.37204179808 0.830574110855473 0.223001100047734 3.72452920939711 0.00019568005573748 0.0172284937471408
"XM_011457628.3" 24.8577946974896 -1.29130385016628 0.312467267703041 -4.13260518344436 3.58674538317886e-05 0.00544365470727031
"XM_011457656.3" 1733.78472020204 9.07971725769464 0.863956729693614 10.5094583393251 7.8141053655311e-26 4.15085277017012e-22
"XM_011457739.3" 168.737468975973 -1.22031753546735 0.236648331066285 -5.15667078643179 2.51379202577566e-07 8.43363994163387e-05
"XM_011457784.3" 5.35810738659909 -2.64192628896857 0.746730006493695 -3.53799400853577 0.000403179206842756 0.0283802140409333
"XM_011457800.3" 13.4059820529276 -6.34232195172435 1.73890657644747 -3.64730459797415 0.000265005703122405 0.0215465861477482
"XM_011458560.3" 19.0486867770862 0.628017990270413 0.188793751556336 3.32647656552878 0.000879514149927309 0.0476732567797333
"XM_011458845.3" 45.2162134883593 -0.895269548239747 0.248139570202472 -3.60792737534462 0.000308652853794897 0.0236475571061321
"XM_020062944.2" 6.08045002948326 2.71521284600339 0.710748063519307 3.82021842248696 0.000133333544975073 0.0136643303712075
"XM_020063357.2" 50.8335267001327 0.508580188196182 0.146077447095366 3.48157910963598 0.000498466515604648 0.0325326222507914
"XM_020064309.2" 1.72950524232615 19.6614002899637 2.95723143648043 6.64858355265013 2.95926978044059e-11 2.48204859058427e-08
"XM_020064854.2" 9.99079774763572 -1.23049512635276 0.309941107893731 -3.97009333390737 7.18444827973285e-05 0.00873979906762005
"XM_020065965.2" 11.7878599845836 -1.09076042963359 0.317245824651113 -3.43821839367984 0.000585555232518131 0.0363089812661826
"XM_020066097.2" 4.61672685990549 4.9183799541376 1.37269442163211 3.58301154039056 0.000339655595754636 0.0252932316539527
"XM_020066098.2" 44.5497714001546 -2.49159040402584 0.592488434954097 -4.20529795525692 2.60738428009572e-05 0.00430583169819744
"XM_020066456.2" 4.58182636534789 5.84388976939612 1.5862880440927 3.6840029092816 0.000229599617829587 0.019410607478686
"XM_020066648.2" 3.74869830747524 4.06853912507596 0.990852569228796 4.10609938493938 4.02396403508547e-05 0.00596519915005787
"XM_020066761.2" 150.984716308082 -0.523070676715099 0.150804021226526 -3.46854594765338 0.000523283035565971 0.033898530303981
"XM_020066967.2" 6.05628993363878 1.91622122365792 0.564455471267858 3.39481380055326 0.000686752892084195 0.0406088834443552
"XM_020067267.2" 16.0859397740718 1.36818756412117 0.408194660333646 3.35180171882419 0.000802874992507756 0.0450514643683225
"XM_020068045.2" 4.6338203240636 -3.58843548058701 0.988976041147353 -3.62843520094168 0.000285144298034961 0.022495344225174
"XM_020068497.2" 1.644597190667 -2.95468840562836 0.744768369483994 -3.96725817944644 7.270422014591e-05 0.00881075629083819
"XM_020068971.2" 6.60319746479597 -22.2616904645598 2.94680635247553 -7.55451421022572 4.20426064174866e-14 5.15377673745436e-11
"XM_020069400.2" 1177.77636006042 0.463151646229852 0.0837916035672068 5.52742311296587 3.24968568540666e-08 1.43549673486058e-05
"XM_020069537.2" 15.5509752807452 -1.44206291907749 0.43068844333983 -3.34827400497405 0.00081316571145242 0.0453404111719868
"XM_020069792.2" 56.5591836832069 0.732115415992018 0.189930915537977 3.85464058822814 0.000115899767693587 0.0122829924612858
"XM_020073627.2" 1070.05097218895 -1.90851268280628 0.35193205496571 -5.42295780073863 5.86208354691962e-08 2.27849179033442e-05
"XM_020073629.2" 6.86613625547425 -6.1106845961029 0.935262614604061 -6.53365643048806 6.41830884866107e-11 4.98937413718355e-08
"XM_020074026.2" 61.7215495581585 1.63319290844986 0.432074770237726 3.77988492026805 0.000156900860223004 0.0150802087077345
"XM_020074730.2" 18.0295417580525 -1.03781004455851 0.254784062185997 -4.07329263712298 4.6353122334892e-05 0.00634062967835913
"XM_034442975.1" 18.6969906919685 -0.862487200885151 0.242898062522071 -3.55081959868157 0.000384033552044719 0.0273212441311814
"XM_034443058.1" 22.115024361573 3.09496151509835 0.320326641287056 9.66189231923686 4.37702918480641e-22 1.55005193531278e-18
"XM_034443149.1" 32.7734406356051 0.939834823850132 0.263649524278746 3.56471276184244 0.000364254874926779 0.0261475931839331
"XM_034443357.1" 2.08322568109814 -4.12772765388768 0.717187308245864 -5.75543879043747 8.64170306863543e-09 4.30356812818045e-06
"XM_034443414.1" 5.71698810732484 1.33215724664384 0.387107437719945 3.44131142116571 0.000578901837089598 0.0360366393588275
"XM_034443437.1" 11.0580602687106 1.79077063268011 0.499263041141687 3.58682795462904 0.000334725010856998 0.0251612159104581
"XM_034443632.1" 7.41057589795263 -1.13666038285556 0.317497256372327 -3.58006363847947 0.00034351053850969 0.0254613206590252
"XM_034443959.1" 13.9612187695866 0.683638864710589 0.206797513330448 3.30583696922014 0.000946931667369955 0.0498029803670218
"XM_034444076.1" 17.9143154849153 -0.720114688413691 0.217094301996724 -3.31705936908726 0.000909702835849485 0.0486477328593872
"XM_034444094.1" 5.06370921430081 5.97616845124164 1.49779355891499 3.98998140676396 6.6078474967823e-05 0.00819475935476442
"XM_034444206.1" 6.3646571051932 6.32600830993818 1.37441596296383 4.60268832755448 4.17072135002521e-06 0.000992009185582116
"XM_034444207.1" 5.6321120902095 6.15500004178316 1.22401264586764 5.02854285252925 4.94221074055101e-07 0.000150017276878897
"XM_034444279.1" 45.1662651972673 -0.600859737031495 0.134985183134677 -4.45130141751935 8.53514399152828e-06 0.0018015371476688
"XM_034444525.1" 212.448409390598 -0.584885601541124 0.150498862260298 -3.88631244619992 0.000101778493727859 0.0113027322372625
"XM_034444541.1" 6.68464683982192 4.12776016896978 1.10695337769128 3.7289376880342 0.000192288689317336 0.0171190645416819
"XM_034444588.1" 84.3130588205357 3.50746490854074 0.559385442736374 6.27021127218309 3.60558544261984e-10 2.49820041798217e-07
"XM_034444608.1" 13.6256612763248 0.86246371681016 0.249937085365757 3.45072327121057 0.00055908650812334 0.0352855548255586
"XM_034444855.1" 16.2914325297251 -6.86565353268901 1.8184682152154 -3.77551473005853 0.000159677587614264 0.0151917733505726
"XM_034444927.1" 11.1428519016297 -4.00238014589519 0.891828460777715 -4.48783630700116 7.19501771872744e-06 0.00158151451538815
"XM_034445074.1" 1300.81811779933 0.549853107273468 0.108007283872493 5.09088912857573 3.5638837964786e-07 0.000112463469664719
"XM_034445114.1" 7.71908952372385 1.7827383082732 0.482756792566562 3.6928290512399 0.000221773108439161 0.0189935256878646
"XM_034445166.1" 83.158461899871 -3.28046441717998 0.535524003862395 -6.1257093865449 9.02804577546379e-10 5.75483749911164e-07
"XM_034445168.1" 5.85144159221442 -2.46162284752598 0.605128090424129 -4.06793683268058 4.74312342566017e-05 0.00643288637543153
"XM_034445353.1" 107.305440962853 -0.655715121742004 0.186772976664794 -3.51076014020397 0.000446827375248619 0.0304300899656495
"XM_034445394.1" 8.88193408933889 -1.23467018887448 0.35088464151957 -3.51873534141453 0.000433609037984069 0.0301089047028938
"XM_034445622.1" 12.9176636426954 1.27915449181705 0.386763415192616 3.30733063565489 0.000941896481604326 0.0498029803670218
"XM_034445729.1" 39.4791067776252 -0.781653330681971 0.227927950353919 -3.42938779324012 0.000604944509055549 0.0371788447655136
"XM_034445754.1" 21.2918934442591 8.0570535052189 2.17229787857955 3.70900031007136 0.000208079173204443 0.0180214657836196
"XM_034446150.1" 9.81234114965782 -1.02959056797855 0.272461846482672 -3.77884309774004 0.000157558656490825 0.0150802087077345
"XM_034446317.1" 7.20629110529917 2.4975114245397 0.715752315528022 3.48935151218791 0.000484193980101587 0.0319507878546538
"XM_034446360.1" 2.90982652402688 2.56224348581098 0.738354193504505 3.47020916025359 0.00052005321712345 0.03382680844114
"XM_034446422.1" 68.8696427823052 2.12991612749644 0.633288659587636 3.36326270058795 0.000770270266180719 0.0440274353993213
"XM_034446803.1" 26.5560809716443 -0.602709989914795 0.168080247288787 -3.58584663954741 0.000335986376668397 0.0251625493967142
"XM_034446824.1" 1336.18208686339 0.273183089971705 0.0721545406755705 3.78608314063036 0.000153040488968042 0.0149165335302429
"XM_034447263.1" 7.23559246962477 -2.6463206719902 0.591111020311946 -4.47685896736228 7.57492529557553e-06 0.00165361656863413
"XM_034447416.1" 1.69090214259313 19.6229312068801 2.95743554882601 6.63511710835751 3.24244999502932e-11 2.58358415603937e-08
"XM_034447633.1" 57.3186382323559 -0.407176082152076 0.118491111631375 -3.43634283235352 0.000589624343297461 0.0364265146267815
"XM_034447648.1" 65.9226341350478 -0.949860440050259 0.151584594834186 -6.26620693936136 3.69948629304697e-10 2.50872398153177e-07
"XM_034447649.1" 7.91311984106474 1.91600036103353 0.576187494613952 3.32530709004238 0.000883211963137703 0.0477924137336585
"XM_034447990.1" 39.2955345140909 -3.71048229035015 0.913947627282918 -4.05984126396944 4.91060883194687e-05 0.00653919620604342
"XM_034448172.1" 7.75248582181754 6.5930966936916 1.92091992182107 3.43226004311581 0.000598573315003417 0.036900829198818
"XM_034448197.1" 16.8384214954462 1.02785357492718 0.235519528119806 4.36419681685302 1.27590667000198e-05 0.00247961569428678
"XM_034448205.1" 44.6063440805401 2.32876102871218 0.603134401517185 3.86109799549516 0.000112878615753147 0.012113357714762
"XM_034448240.1" 35.9337240388213 -0.484066348957454 0.132296995983152 -3.65893681379659 0.000253263768911576 0.0209119762765538
"XM_034448598.1" 23.4972989839837 0.761787530968708 0.215154100006961 3.54066007082393 0.000399127444314445 0.0282688664559778
"XM_034448601.1" 132.48396098855 -0.581652772730539 0.121452087392878 -4.78915418595469 1.67485757954682e-06 0.000460181558407899
"XM_034448605.1" 9.18661984953997 1.5137160017086 0.400149293260088 3.78287810875806 0.000155025341983821 0.0150181389048886
"XM_034448759.1" 7.29944460497928 -1.6282437116174 0.464339524301792 -3.50658004843701 0.000453904887335755 0.0306590902719862
"XM_034449458.1" 12.1154150098868 1.99461411441788 0.490843895684219 4.06364249806439 4.83128047427059e-05 0.00647886168330535
"XM_034449476.1" 100.003925972819 -0.712206168969893 0.137791251634601 -5.16873285147698 2.35686511171366e-07 8.07720482156321e-05
"XM_034449510.1" 88.604214592201 0.763190588879934 0.210448645781683 3.62649322852692 0.000287296349780847 0.0226091586671979
"XM_034449775.1" 105.859772718865 0.81469747984635 0.169817552150936 4.79748688829432 1.60668723015445e-06 0.000445289873038979
"XM_034449992.1" 56.0276967682011 1.25778600297544 0.376484554292447 3.34087013301059 0.000835162778561527 0.0462123404137378
"XM_034450019.1" 6.27883709373367 2.41410676892681 0.622657053126934 3.87710499191064 0.000105706750401739 0.011617536375187
"XM_034450047.1" 25.3386228657779 -0.758531730017434 0.168445568358337 -4.50312666228058 6.69609476148649e-06 0.00148206897387568
"XM_034450222.1" 117.739183494328 -6.14374600683397 1.58673508093541 -3.87194187653059 0.00010797170275324 0.0117851853087372
"XM_034450223.1" 301.134755722391 -3.13180576753538 0.745047982171189 -4.20349540228107 2.62824493060952e-05 0.00431790837259725
"XM_034450567.1" 11.9343548596266 -2.81248831246321 0.646314198317345 -4.35158057765932 1.35159630942274e-05 0.00259506491409166
"XM_034450895.1" 121.124658994748 -0.391238325915508 0.0846570058751693 -4.62145243469167 3.81062709362156e-06 0.00092009323278717
"XM_034450951.1" 13.5077125338667 8.54076439488642 2.16969409986716 3.93639103107177 8.2716153470373e-05 0.00972815218969641
"XM_034451123.1" 8.41175238870893 1.20771033594103 0.355432689652207 3.39785948535793 0.00067915293597044 0.0403090547025137
"XM_034451574.1" 4.40506652040498 5.06173986002422 1.15094568677305 4.39789637182274 1.09305142677053e-05 0.00221896401745416
"XM_034451583.1" 18.0542148384145 1.68885021252557 0.448547120271923 3.76515673872066 0.000166444639734956 0.0155465083405445
"XM_034451662.1" 9.60209903431726 -3.88754033053512 0.823898918116965 -4.71846757539161 2.37627832802991e-06 0.000615745876999751
"XM_034451680.1" 9.20122046430427 -22.7269428839087 2.94625686724716 -7.71383620232121 1.2209114968418e-14 1.62137046780591e-11
"XM_034451960.1" 9.68340221202494 -0.844630892437539 0.252377195693265 -3.34670052148488 0.000817795084438824 0.0454882459532883
"XM_034452505.1" 12.1510559639005 3.49199031788782 0.988116891490237 3.53398504565724 0.000409344238279033 0.0286110078123451
"XM_034452506.1" 12.1510559639005 3.49199031788782 0.988116891490237 3.53398504565724 0.000409344238279033 0.0286110078123451
"XM_034453221.1" 63.4853326557444 -0.635556570421568 0.149693886285693 -4.24570826632557 2.17903998953258e-05 0.00369416822055226
"XM_034453254.1" 115.090752246986 -3.24315056203605 0.567293607490069 -5.7168819095019 1.08496459861862e-08 5.3199987211035e-06
"XM_034453255.1" 261.44095064433 -1.28632473293155 0.22242794036622 -5.78310769237741 7.33330828705951e-09 3.76979357621227e-06
"XM_034453471.1" 3.97055973399713 -1.67705840949021 0.436584411058993 -3.84131537226051 0.000122376764724582 0.0127881712960717
"XM_034453633.1" 8.42555442842699 -1.50184647224204 0.388704304767499 -3.86372482584251 0.000111671015771599 0.0120650122531268
"XM_034454002.1" 19.8071099100172 3.22758254588582 0.952925164185921 3.38702625052738 0.000706546270388058 0.0415841746772898
"XM_034454255.1" 5.34940621485038 -5.2482527594471 1.44457075243424 -3.63308806481322 0.000280049383896497 0.0222586881884018
"XM_034454272.1" 33.1751349392564 -0.925839648675434 0.243607314122338 -3.80054126047498 0.00014438037399204 0.014516376277206
"XM_034454297.1" 33.1012426085314 1.22059669927144 0.254305784571721 4.79972054637709 1.58887178825526e-06 0.000444215102063785
"XM_034454369.1" 90.0513213293292 -0.594128056378771 0.142538442717006 -4.16819522546874 3.07020926550062e-05 0.00486815200013864
"XM_034454536.1" 8.4680037076046 1.70064609841396 0.415789854904357 4.09015775241836 4.31079886827059e-05 0.00616115612240001
"XM_034454589.1" 41.7174040012121 -0.809876839957558 0.189019558530279 -4.28461925450864 1.8305240119626e-05 0.00327766636568944
"XM_034454728.1" 1225.11522890923 0.706385849433585 0.165119687041882 4.27802318480905 1.88560385403815e-05 0.00335742827016222
"XM_034455079.1" 33.7957006002482 -0.700194837663032 0.184354297741854 -3.79809337910578 0.000145813394035168 0.0145315222105784
"XM_034455182.1" 30.7517153755265 0.522757246301656 0.145939831051416 3.58200528625721 0.000340966891565985 0.0253316940978813
"XM_034455456.1" 3.93678257383882 -1.75275868647867 0.419093859112189 -4.1822580989178 2.88628043171494e-05 0.00469344540406217
"XM_034455724.1" 67.9914808896071 -1.3179023780635 0.262971282797943 -5.01158287719243 5.39841238748125e-07 0.000160802055713834
"XM_034455886.1" 178.464298262408 -0.493677865458914 0.131921005837669 -3.74222332769652 0.000182399303325316 0.0165580004432651
"XM_034455914.1" 5.11098846913062 1.19534724255585 0.345897772722837 3.45578184313336 0.000548699215690334 0.0349064698652342
"XM_034456029.1" 9.45629895687702 -2.33617138823848 0.434335110143767 -5.3787302331262 7.50130098116213e-08 2.88049957676626e-05
"XM_034456207.1" 54.3972381637872 0.532938259792449 0.132959227877048 4.00828335348996 6.11617104116468e-05 0.00770492503652177
"XM_034456217.1" 7.10562188320754 1.67252436619364 0.467286029771711 3.57923040629042 0.000344607544814241 0.0254698743759847
"XM_034456345.1" 4.0583332141803 5.69376227490018 1.1449730147471 4.97283534333587 6.59806997168632e-07 0.000194716376053321
"XM_034456594.1" 135.340672530312 0.771832491126394 0.150974736330706 5.11232879013422 3.18211349525333e-07 0.000101420321320714
"XM_034456595.1" 1750.22655789559 0.727648520266737 0.115991422531937 6.27329594191664 3.53484108955445e-10 2.49820041798217e-07
"XM_034456614.1" 7.25716009646968 6.50081939186373 1.65461138793832 3.92891009892293 8.53317307437201e-05 0.0099622451364976
"XM_034456624.1" 132.562155201424 -0.378042083606498 0.111002972009897 -3.40569335001942 0.000659962624881329 0.0396126719024816
"XM_034456663.1" 26.8189559430077 -4.74624164113496 1.1066137786088 -4.28897753930172 1.79497521905377e-05 0.00323217232664869
"XM_034456876.1" 846.630640761182 0.49630481397215 0.0885915179711723 5.60217078720389 2.11683825952395e-08 9.92174544228636e-06
"XM_034456917.1" 2.59701419212416 2.85639705428307 0.851666057326445 3.353893265689 0.000796830928958065 0.0449497263146043
"XM_034456921.1" 20.170101193833 -0.955671602851047 0.247105259716018 -3.86746766924079 0.000109971402938684 0.0119624865339991
"XM_034457089.1" 71.3842012659762 -5.6215799767571 1.55780382262424 -3.60865719746863 0.000307785992986675 0.0236379642613766
"XM_034457172.1" 11.2144321745163 6.87743668150329 1.52502372859499 4.50972437513448 6.49119071608323e-06 0.00144676384967136
"XM_034457229.1" 14.8287472498094 -4.83350466627428 1.10351031898046 -4.38011732481123 1.18615426867272e-05 0.00234814340690292
"XM_034457255.1" 2319.98253435258 0.434647625751309 0.121015430738925 3.59167110423301 0.000328564346011637 0.0249333400859117
"XM_034457257.1" 27.5997863794496 -0.86820742958601 0.178022533683993 -4.87695243753333 1.07737399952375e-06 0.000306589858150187
"XM_034457808.1" 89.7474332334258 0.763364138609518 0.219133609415157 3.48355572039748 0.000494800111113173 0.0324491134596688
"XM_034457809.1" 8.61260066597138 5.18561416510082 1.41536261310917 3.66380609256693 0.000248494936237344 0.020637713533108
"XM_034457811.1" 662.501508070155 8.1226465022006 0.98070124285709 8.28248823111185 1.20627883052771e-16 2.26155993450465e-13
"XM_034457978.1" 6.92654146421917 2.81372289354189 0.691384880149712 4.06969110017652 4.70755124291745e-05 0.00641192620573783
"XM_034458218.1" 124.507005314324 2.19404998604394 0.553472077356883 3.96415659579734 7.36558921117207e-05 0.00883438928852135
"XM_034458316.1" 33.4838388954859 -3.0029915646023 0.896927585754838 -3.34808697189868 0.000813714708533397 0.0453404111719868
"XM_034458350.1" 6.0513711853178 -1.58028061348902 0.458716490426181 -3.44500502264662 0.000571048780585396 0.0356871896761132
"XM_034458351.1" 3.65659609530706 -1.92666925005936 0.530027490215172 -3.63503645683964 0.000277941328246228 0.022250237066102
"XM_034458358.1" 3.23076439077554 3.2325892375747 0.946607832429104 3.41491917437394 0.000638009406070214 0.0388065568516601
"XM_034458362.1" 26.6226894226181 -1.22263095770156 0.327829061691569 -3.72947703718789 0.000191877590569589 0.0171190645416819
"XM_034458699.1" 56.1621021245353 -0.529657328296498 0.145757583520956 -3.63382347252174 0.000279251958055683 0.0222507960178768
"XM_034458742.1" 111.417056732289 -0.373074730946284 0.108268160307267 -3.44583975461939 0.000569287833241985 0.0356871896761132
"XM_034458842.1" 121.534117489901 -0.95884335705322 0.26565981379742 -3.60929017959934 0.000307036002308732 0.0236373223806375
"XM_034458843.1" 26.5709942640189 -2.02445766619728 0.441317669914048 -4.58730253558977 4.4900978200995e-06 0.00105226763031038
"XM_034458844.1" 4.77627915677188 -1.70044802459764 0.485841137971667 -3.50000831896785 0.000465243638643856 0.0310214335791987
"XM_034458868.1" 16.4853051123022 0.712673686563869 0.176224961229914 4.04411316983676 5.25215466888688e-05 0.00683582005820093
"XM_034458912.1" 13.6224713294323 7.42122376551423 1.08108409635682 6.86461283680267 6.66718238714308e-12 6.07132677265783e-09
"XM_034458915.1" 89.9725669088036 -0.902100494123789 0.240494743734649 -3.75101958618741 0.00017611693993679 0.0161484305525518
"XM_034459041.1" 4.57116225756135 -2.95470965193325 0.781814201450586 -3.7792990284022 0.000157270467716216 0.0150802087077345
"XM_034459403.1" 8.34971105378056 -3.08592251295394 0.753283016800805 -4.09663093966974 4.19206416835902e-05 0.0061008890033762
"XM_034459707.1" 64.6588625733449 1.36674752721518 0.395114097531576 3.4591211393209 0.000541941102946517 0.0346842305885771
"XM_034460299.1" 50.3088252020193 -0.721085706407774 0.197978910964024 -3.64223493753235 0.000270281224917189 0.0218639675141133
"XM_034460679.1" 36.9006243900171 -1.71505271550759 0.444132788424346 -3.86157644787294 0.000112657749313969 0.012113357714762
"XM_034460779.1" 5.12234475053073 -1.6331241665367 0.479892677967112 -3.4031029051221 0.000666251820737686 0.0398401088753312
"XM_034460988.1" 2.98985820128093 -1.952536316107 0.567228852966338 -3.44223730139283 0.000576923911645933 0.0359837943482958
"XM_034461638.1" 8.05649420876896 1.46658206093119 0.333331450121958 4.3997710398902 1.08365152324018e-05 0.00221398341978917
"XM_034461819.1" 33.2216924714466 -4.71864801331298 0.853778615013757 -5.52678168594905 3.26158403332196e-08 1.43549673486058e-05
"XM_034461937.1" 16.9117136046855 -4.21878906745093 1.24584692881559 -3.38628203021833 0.000708465325356687 0.0415841746772898
"XM_034462019.1" 76.5325362060085 -0.609627455372094 0.139557277545111 -4.36829569977128 1.25219877674992e-05 0.00244847112960574
"XM_034462237.1" 26.0011245694929 -0.926656134576655 0.257587569661472 -3.59744119560772 0.000321363119052391 0.0245503425479763
"XM_034462308.1" 37.4755149206555 -4.61720991345465 1.12652242484893 -4.09864003734665 4.15584769161102e-05 0.00608891882307373
"XM_034462375.1" 7.44773465703664 -3.48989056834022 0.858877054577924 -4.06331796819889 4.83800539855257e-05 0.00647886168330535
"XM_034463330.1" 12.9974293617513 7.33033019470229 1.90644628823978 3.84502319311098 0.000120541036824425 0.0126794849031949
"XM_034463341.1" 4.49310487554123 -2.76902911212967 0.760728185944919 -3.63997175770501 0.000272667946200043 0.0219047776140437
"XM_034463907.1" 767.129260021739 0.542858415863743 0.13460924876966 4.03284633727264 5.51053146340818e-05 0.00711059347375488
"XM_034463916.1" 43.7370041589627 -0.749431512066829 0.181740575609406 -4.12363342392782 3.72942265390997e-05 0.00560679994459521
"XM_034463962.1" 28.942099885816 2.64122111574078 0.709588741944426 3.722185767073 0.00019750562580538 0.0172936794111788
"XM_034464015.1" 65.8009351229315 0.72335135208744 0.185699319649687 3.89528272614034 9.80842521253318e-05 0.0110075397314739
"XM_034464143.1" 2.06357952444213 2.56610435105185 0.730148069233096 3.51449857800368 0.000440585030670749 0.0303131399503534
"XM_034464492.1" 3.86825201620012 -4.25774461164668 1.17726271085285 -3.61664781564534 0.000298442921544306 0.0232251759271275
"XM_034464576.1" 13.049438242444 -1.07491862754598 0.323935935734901 -3.31830621109495 0.000905651409567685 0.048581682731814
"XM_034465003.1" 6.58887820076785 -3.93754563103632 1.16271741556633 -3.38650266893822 0.000707895879340288 0.0415841746772898
"XM_034465520.1" 12.1601557568993 0.848913135555934 0.241734084581685 3.5117643299039 0.000445142546192542 0.0304256995792882
"XM_034465546.1" 22.7580710313292 1.04964636329026 0.225296274369809 4.6589601458182 3.17810719767195e-06 0.000797579784285044
"XM_034465703.1" 16.0507086408244 -1.41689854045097 0.389095092260115 -3.64152251888017 0.000271030412640045 0.0218690666118064
"XM_034466028.1" 30.3521373359767 -2.98323950475051 0.637276013857847 -4.68123613611473 2.85150251291728e-06 0.000721294349934123
"XM_034466255.1" 153.582063351857 0.542620933152768 0.143285480961491 3.78699174202166 0.000152482165786875 0.0149077042575438
"XM_034466358.1" 31.1564289519015 -3.18976637916931 0.747524284433147 -4.2671073643957 1.98023871479684e-05 0.00346200388582046
"XM_034466383.1" 57.6601251828545 1.54800308776726 0.446291327945 3.46859325027717 0.000523190920163914 0.033898530303981
"XM_034467108.1" 9.00011590299578 2.13447517926422 0.618291424918619 3.45221540076374 0.000556003675121678 0.0351668613716534
"XM_034467233.1" 36.4582085483845 -4.93132734510047 0.542738203117204 -9.08601479825358 1.02735766117321e-19 2.72866194807605e-16
"XM_034467405.1" 4.19226891924811 -4.39474060889114 0.651572697297629 -6.74482007474859 1.53216772007214e-11 1.31981755605782e-08
"XM_034467444.1" 12.2999708160197 -0.903797790736371 0.266621201938079 -3.38981965487603 0.000699386174811257 0.04127932622886
"XM_034467569.1" 9.12468325378182 -1.2846995603962 0.289394193769591 -4.43927206576593 9.02636534683917e-06 0.00186810595022375
"XM_034467743.1" 70.6046042531978 -1.15161552175182 0.3339649103867 -3.44831293927963 0.000564100054148568 0.0355316144779114
"XM_034467848.1" 15.4897308773059 -0.927073746051949 0.243571687965345 -3.80616381894044 0.000141138916098238 0.0142353782717818
"XM_034467900.1" 12.6682074230872 2.17680181392229 0.623648528533199 3.49043044973112 0.000482243117294784 0.0318880760050194
"XM_034467910.1" 77.1002444959798 1.1996132750276 0.203205127185649 5.90345967959576 3.55956651068696e-09 2.02590185408241e-06
"XM_034468024.1" 6.75028732747092 -6.0864341742678 1.79198418179737 -3.39647762301288 0.000682591382527041 0.0404378300072525
"XM_034468098.1" 51.7446620537516 -0.72284309549044 0.208761606474565 -3.46252889933815 0.000535124443601761 0.0344555278110613
"XM_034468207.1" 11.3273120515205 -1.01002018276781 0.264210292297408 -3.82278893825562 0.000131950719227043 0.0135662365264656
"XM_034468303.1" 48.4040508278689 2.23102967704956 0.571667682094764 3.90266888776078 9.51378104344737e-05 0.0107525967878282
"XM_034468386.1" 10.000815661706 1.97492375636954 0.563378483941539 3.50550085362236 0.000455749039929654 0.0307095843565284
"XM_034468456.1" 3.5021951560073 -2.84695465175451 0.77564270205502 -3.67044599815311 0.000242127621571676 0.020254833476988
"XM_034468483.1" 127.796264611497 -1.20253712693865 0.306731048309919 -3.92049364928853 8.83677649242966e-05 0.01013114173981
"XM_034468505.1" 5.71223642938103 -4.53243393993241 1.36103766543666 -3.33013116024109 0.000868050840688178 0.047212485314699
"XM_034469181.1" 5.56195965215956 -1.77855226595558 0.5287551988931 -3.36365915584152 0.00076916472254917 0.0440274353993213
"XM_034469434.1" 44.8406360376018 -0.488047621303359 0.124274043401355 -3.92718871894402 8.59445445756198e-05 0.00997963688138285
"XM_034469641.1" 308.221847086262 1.22147854006999 0.307275042266877 3.97519606883369 7.03212976139114e-05 0.0086203092213484
"XM_034469689.1" 8.07803086623667 1.79652007421962 0.539463164236149 3.33019971208488 0.000867837144929538 0.047212485314699
"XM_034469778.1" 36.349480878951 -0.91416960361502 0.254763660159382 -3.5883045605606 0.000332835353834318 0.0251377450175531
"XM_034469790.1" 79.387648775499 -1.42872018708716 0.244659733634735 -5.8396212807955 5.23196179607593e-09 2.87505321318159e-06
"XM_034469941.1" 6.65024708489995 -6.06501197809562 1.79453811212084 -3.37970641979166 0.000725632947812997 0.042357826580029
"XM_034470068.1" 34.1783491266935 0.95545344818146 0.274339377391067 3.48274264259001 0.00049630522964359 0.0324809861995903
"XM_034470240.1" 53.5009839707203 0.574997774559949 0.114189427205571 5.03547297356001 4.76670382864791e-07 0.000146081138871794
"XM_034470321.1" 11.5370824899308 2.30340625537436 0.450456995773323 5.11348758480259 3.16264551604128e-07 0.000101420321320714
"XM_034470338.1" 23.2759392426188 -1.32443783596828 0.37118206087969 -3.56816229973347 0.000359493808493124 0.025922594263106
"XM_034470402.1" 3.54122979392051 -2.02123527129903 0.608103445916733 -3.32383459569442 0.000887888402442552 0.0478951066588454
"XM_034470406.1" 2.86544672164248 5.18575614600193 1.41546193132067 3.663649322708 0.000248647151001302 0.020637713533108
"XM_034470452.1" 4.16832327410448 -5.39192470098196 1.29447124249521 -4.16534915877199 3.10876413153796e-05 0.00488091282760483
"XM_034470781.1" 11.9465371075051 3.79959293724057 0.953363779343881 3.98545971597066 6.73496033256267e-05 0.00832002541548207
"XM_034471023.1" 27.9273375945796 -1.08750270590463 0.311009784558111 -3.49668325531874 0.000471080809849076 0.0313059273038381
"XM_034471029.1" 19.3294205519373 7.1824515979528 1.86110536210938 3.8592396455256 0.000113740359996354 0.0121490383038643
"XM_034471052.1" 75.8820756388835 -0.726041172910802 0.202945065985203 -3.57752561948828 0.000346862231033681 0.0254698743759847
"XM_034471087.1" 46.8457167533788 -1.70484232100179 0.440128431861612 -3.87351099721236 0.000107278563444919 0.0117497676086476
"XM_034471156.1" 148.469071435076 -2.42787010452707 0.587106239434295 -4.13531647503259 3.54465799642104e-05 0.00541108922567112
"XM_034471171.1" 23.6646856235455 -1.46007048903964 0.439282322486245 -3.3237633619672 0.000888115211953364 0.0478951066588454
"XM_034471181.1" 79.9667030822131 -0.767003875716198 0.199813393036332 -3.8386009268995 0.000123737352095091 0.0128645573637087
"XM_034471468.1" 1.86315165669389 -3.14540713899375 0.949177859637708 -3.31382270146326 0.000920298426605114 0.0491030718081013
"XM_034471632.1" 28.4418253343027 -0.663410205177425 0.152499483260206 -4.35024559424549 1.35985141585801e-05 0.00259528049857643
"XM_034471694.1" 16.0005604157397 5.77780629664568 1.09487296874121 5.27714763411185 1.3121017609866e-07 4.64658970290721e-05
"XM_034471697.1" 51.1446373577063 -2.32236956331482 0.437623398929036 -5.30677648635375 1.11580860404339e-07 4.13523858465941e-05
"XM_034471759.1" 45.3478700616827 -2.32026061625643 0.692067472206849 -3.35265087500448 0.000800416025098693 0.0449926976224789
"XM_034472096.1" 4.03253435369361 -1.44621351745377 0.423801843015889 -3.41247576263974 0.000643756513586556 0.0390815382876776
"XM_034472105.1" 5.03248326991516 -2.6764831328848 0.752710052695792 -3.55579565238848 0.000376836902845427 0.0269294748149988
"XM_034472119.1" 9.61443137995703 -1.79038151033591 0.530199118447013 -3.37680967026134 0.000733317738301914 0.0426293321842664
"XM_034472167.1" 81.0973309444774 0.89028673435884 0.222051543721651 4.00936971406442 6.08810324285639e-05 0.00770000105382217
"XM_034472465.1" 13.5076572461232 -1.4222638650571 0.418010521797338 -3.40245948580847 0.000667822558671005 0.0398592520411278
"XM_034472524.1" 50.2769072449163 -1.05921979493006 0.268171452119727 -3.94978580515411 7.82211601519583e-05 0.00930997912635587
"XM_034472602.1" 190.880954818812 -0.853810119645828 0.230179142582562 -3.70932878655405 0.000207809427843645 0.0180214657836196
"XM_034472902.1" 10.5724519572115 -2.88358790580902 0.713034457020925 -4.04410737435708 5.2522845732372e-05 0.00683582005820093
"XM_034473158.1" 11.013390197069 2.54585175789347 0.47834268386919 5.32223412993533 1.02500528926373e-07 3.84340806816629e-05
"XM_034473208.1" 18.4897176211362 -0.874206152297502 0.2046368763527 -4.27198737528994 1.93738547334175e-05 0.00342183130635648
"XM_034473522.1" 29.4862396771308 -0.606460735908224 0.150634150380113 -4.02605076191469 5.67214490815149e-05 0.00728962106905662
"XM_034473839.1" 5.27640133336808 4.38543461160966 1.32610940942193 3.30699305837919 0.000943032288594094 0.0498029803670218
"XM_034474036.1" 3.20500745687303 3.41486807311172 0.955402856879049 3.57427031803824 0.000351205949939982 0.0254698743759847
"XM_034474325.1" 16.8840388248758 -2.27315318028506 0.666395808749266 -3.4111156619539 0.000646976407735328 0.0391279545869836
"XM_034474636.1" 16.2841257084735 3.08140403280735 0.529378502522696 5.82079555199777 5.85681766231405e-09 3.16387275480125e-06
"XM_034474649.1" 7.3619758184981 -1.54265267093787 0.453976899719075 -3.39808627243475 0.000678590168966127 0.0403090547025137
"XM_034474866.1" 2.90855966929155 -3.19516385459087 0.858899696532033 -3.72006634475706 0.000199170451329901 0.0173901180165047
"XM_034474911.1" 7.06429689775 -2.31783478489884 0.606965099819429 -3.81872826887146 0.000134141423216348 0.0137030623101007
"XM_034475156.1" 15.6073879794409 -6.5594224029328 1.51465368028 -4.33064170927854 1.48675428270545e-05 0.0027874019116699
"XM_034475157.1" 10.5917712974151 -4.58491243252561 1.099968287605 -4.16822237894557 3.06984362270021e-05 0.00486815200013864
"XM_034475818.1" 35.4669628759561 0.852589228250253 0.239560351447315 3.55897469301282 0.000372305399895298 0.0266654330459841
"XM_034476264.1" 10.8031909559288 3.57874919063603 0.968611718601911 3.69472010497826 0.00022012913736675 0.0189109322537819
"XM_034476388.1" 12.5396563586892 -1.07377266696383 0.311043041602722 -3.45216746026841 0.000556102476509579 0.0351668613716534
"XM_034476392.1" 55.0194697733914 -10.4050746376111 1.88483174442458 -5.52042624939323 3.38178309997972e-08 1.44087439923125e-05
"XM_034476517.1" 2.83936839630414 -2.3601967713261 0.677979815707946 -3.4812198190024 0.000499135676475809 0.0325326222507914
"XM_034476550.1" 6.92683501109922 -1.6457134233474 0.425769841129684 -3.86526537196922 0.00011096847995823 0.0120298890926146
"XM_034476829.1" 7.50492775794776 -6.23867486042398 1.80086564340057 -3.46426446819404 0.000531683512023883 0.0343728537428503
"XM_034476955.1" 19.8436819340992 7.95446145278931 1.94852564447965 4.0822975439533 4.45926538452787e-05 0.00621993466306719
"XM_034477015.1" 16.4129968398794 1.18055205789889 0.305942430675629 3.85873922519283 0.000113973470533868 0.0121490383038643
"XM_034477591.1" 21.478566904419 -1.02405772345597 0.292884135099834 -3.49646020637788 0.000471474808792743 0.0313059273038381
"XM_034478134.1" 3.58697808025791 -2.6072311893069 0.657344936977523 -3.96630603301666 7.29951270153205e-05 0.00881250260694051
"XM_034478177.1" 266.617796914728 -0.707226843990931 0.174883001125053 -4.04399992818752 5.25469350608443e-05 0.00683582005820093
"XM_034478323.1" 9.08025194436513 1.63661943012206 0.352457838618987 4.64344738801872 3.42643275458688e-06 0.000846567943830953
"XM_034478793.1" 4.32998096998467 -3.08908574583024 0.863442001005348 -3.57764128017106 0.000346708827332119 0.0254698743759847
"XM_034478830.1" 2.10617821536581 4.5053682763992 0.877774576395749 5.1327167561617 2.85589530724852e-07 9.28807094210458e-05
"XM_034479290.1" 16.2095473792131 -3.10990013460245 0.75976981410809 -4.09321359819122 4.25435476602554e-05 0.00611272866329459
"XM_034479293.1" 14.4265528681308 7.51160455402083 0.884853272487239 8.48909620112091 2.08250284998368e-17 4.42490205564532e-14
"XM_034479294.1" 39.1065009067649 -3.69126848788933 0.796569985295898 -4.63395377183105 3.58747139069374e-06 0.000879537601263007
"XM_034479721.1" 35.413363994168 2.92994529326075 0.656772316423696 4.46112788251352 8.15294177671519e-06 0.00174396349199642
"XM_034480188.1" 25.4753881514246 -1.00680681546259 0.301959502804272 -3.33424451329554 0.000855314343280208 0.046839482386644
"XM_034480222.1" 145.314425421144 -0.948895297379601 0.259869610821389 -3.65142847745975 0.000260785729259189 0.021345066747647
"XM_034480331.1" 41.2070407669845 -4.84497311930852 1.3342574758421 -3.63121302074823 0.000282092220002087 0.0223652816813595
"XM_034480902.1" 15.5397835593231 7.34231177464823 1.88277842302282 3.89972164799938 9.63033403792912e-05 0.0108458659525398
"XM_034481530.1" 11.2331247631187 -2.69064433801981 0.795841746438183 -3.38087861068093 0.000722544556540116 0.0422549359743974
"XM_034481710.1" 11.2071755997024 4.44673647559181 0.580356194587413 7.66208152349109 1.82943444794884e-14 2.33230938900102e-11
"XM_034481737.1" 3.52456611342647 -1.9833118628304 0.485890328831597 -4.08180971125644 4.46863779757456e-05 0.00621993466306719
"XM_034481740.1" 126.507381098425 0.618278900145897 0.126065172448411 4.90443861804029 9.36949143865905e-07 0.000269031019038686
"XM_034481838.1" 3.25225349717916 -2.43328852343561 0.544929583565045 -4.4653265244227 7.99467284494306e-06 0.00172315357646123
"XM_034481868.1" 7.73218293225458 -1.38176732094208 0.370334146583662 -3.73113668747238 0.000190617759458453 0.017065643902977
"XM_034481890.1" 4.40994365646296 -3.07121234427754 0.909734918616793 -3.37594202599936 0.000735634183651686 0.0426293321842664
"XM_034482247.1" 10.3595068528915 -1.50616098259277 0.367809616976578 -4.09494725824061 4.22264503459335e-05 0.00611272866329459
"XM_034482265.1" 7.63555240450879 -1.24828895688532 0.299797942275659 -4.16376759430036 3.13038755418463e-05 0.00489077020230258
"XM_034482414.1" 14.4019574304733 2.08507620648921 0.560595095072812 3.71939787703351 0.000199698267885314 0.0173901180165047
"XM_034482422.1" 16.7195222818426 1.91299642885777 0.546556150720737 3.50009130138802 0.000465098829247067 0.0310214335791987
"XM_034482608.1" 3.46794000334363 -1.51760114699826 0.459005783103982 -3.30627892471339 0.000945439233380975 0.0498029803670218
"XM_034482887.1" 50.4293910329879 -2.45007132369551 0.244840030502168 -10.0068249406374 1.42244498587626e-23 5.66702082373104e-20
"XM_034483005.1" 9.53492167630248 -5.595610855566 1.66264837464552 -3.36548060365378 0.000764104392029712 0.0440274353993213
"XM_034483031.1" 29.5782177662427 -3.26592492885037 0.564643919808305 -5.78404338429632 7.29261213023387e-09 3.76979357621227e-06
"XM_034483390.1" 25.5513401396129 0.517891957685358 0.15401650340858 3.36257443990582 0.00077219303426897 0.0440274353993213
"XM_034483436.1" 5.31372503792872 -5.74063311249744 1.28565541281249 -4.46514132425209 8.00159165776424e-06 0.00172315357646123
"XM_034483547.1" 4.20420709889875 -2.91074685633217 0.804186259927669 -3.61949339521664 0.000295180344736018 0.0230587939887901
"XM_034483593.1" 6.95569608500604 -2.84013920218906 0.807120562953371 -3.51885372836566 0.000433415598455485 0.0301089047028938
"XR_004596035.1" 3.35660644018544 5.29008014223672 1.13854454562876 4.64635324331144 3.37854284909337e-06 0.000841257169424249
"XR_004596351.1" 39.430651131965 0.700352700242299 0.205426861927451 3.40925570137773 0.000651403918662384 0.0393211092719839
"XR_004596743.1" 74.012389217859 -0.67281469908423 0.171546221031411 -3.92206074280724 8.77948507663148e-05 0.0101017959697617
"XR_004596906.1" 23.7593672045913 -0.836458040008302 0.217745159941338 -3.84145411192445 0.000122307603191711 0.0127881712960717
"XR_004596944.1" 3.63044332033734 2.19901189671836 0.654845181558566 3.35806379682691 0.000784904953753222 0.0446723047964691
"XR_004597797.1" 483.757205739699 4.04160656868964 0.341988204994743 11.8179706482911 3.1520688909939e-32 3.34875798979192e-28
"XR_004598294.1" 50.8088173044176 0.758398425010173 0.222302452229271 3.4115612194327 0.000645919951623261 0.0391279545869836
"XR_004598549.1" 18.6480338609979 -1.6070621847771 0.263481488234987 -6.09933622108524 1.06509826491248e-09 6.65623762731185e-07
"XR_004598733.1" 2.59597689708322 3.81415975648154 0.701208619783377 5.43940797199532 5.34579138871879e-08 2.10346991532401e-05
"XR_004598744.1" 2.59597689708322 3.81415975648154 0.701208619783377 5.43940797199532 5.34579138871879e-08 2.10346991532401e-05
"XR_004598752.1" 2.59597689708322 3.81415975648154 0.701208619783377 5.43940797199532 5.34579138871879e-08 2.10346991532401e-05
"XR_004599693.1" 2.80452503221154 3.88061257473568 0.768606203196002 5.04889572657545 4.44371188405086e-07 0.000138852926635754
"XR_004599841.1" 59.9380945734629 0.781712767156113 0.189044172664056 4.1350799452849 3.54831089409282e-05 0.00541108922567112
"XR_004600141.1" 22.7974569580414 -0.654289786403509 0.19693222161018 -3.32241103590783 0.00089243124430212 0.0480465686121574
"XR_004600166.1" 15.8371310321279 -1.93533808079909 0.514207594052124 -3.76372909149005 0.00016739822885731 0.015554858163674
"XR_004600498.1" 106.619114542287 1.02689822990138 0.305186709677607 3.36481962463626 0.000765937134175696 0.0440274353993213
"XR_004600500.1" 102.706597785529 1.14176811652542 0.299971399156872 3.80625659557739 0.000141086008830738 0.0142353782717818
"XR_004600655.1" 3.14900071015163 -1.77941900677216 0.534185413252769 -3.3310887243006 0.000865070253390422 0.047212485314699
"XR_004601051.1" 81.487975474063 -4.47798257002163 0.739658681727277 -6.0541202052337 1.41187156303733e-09 8.49040952021243e-07
"XR_004601053.1" 8.63226057593579 -5.15194224068282 0.877768170656738 -5.86936552601148 4.37466006970581e-09 2.44612571476603e-06
"XR_004601648.1" 278.076322747926 0.699675640253581 0.0820885138032467 8.52342925747923 1.54897404548707e-17 3.79760775213569e-14
"XR_004602054.1" 16.8026637463023 0.981027931600038 0.271001918711286 3.62000363785315 0.000294598873929708 0.0230587939887901
"XR_004602139.1" 11.3689449090224 -1.14982137872929 0.347009152020756 -3.31351888569359 0.000921298849813145 0.0491030718081013
"XR_004602422.1" 6.33352923242363 -2.64469807450161 0.64872495693831 -4.07676326649031 4.56669446671691e-05 0.00627369336393109
"XR_004602535.1" 43.2703410379517 5.40691826559613 0.887307375957681 6.09362483858582 1.10382179115873e-09 6.76557848611748e-07
"XR_004602542.1" 35.1465702968506 3.93675612210292 0.502546324506197 7.83361837532329 4.74026126671345e-15 7.55408035463455e-12
"XR_004602869.1" 108.537616299493 -0.640646778261354 0.124449922576465 -5.14782785716661 2.63520153190499e-07 8.74886908592456e-05
"XR_004603302.1" 50.3207689344369 -0.960786231756258 0.280248960717649 -3.42833111422044 0.000607304261789461 0.0372230796764494
"XR_004604213.1" 196.184903291774 0.548803865287522 0.156793083104102 3.50017905396469 0.000464945741384048 0.0310214335791987
"XR_898264.3" 192.098883815467 0.6212871317281 0.16157790329824 3.84512435825666 0.00012049131608943 0.0126794849031949
"XR_901070.3" 6.51704901075947 -2.28705803225052 0.560941619006969 -4.07717658087002 4.558587323282e-05 0.00627369336393109
"XR_902175.3" 61.7098303978785 2.24534231964386 0.428384731064921 5.24141538392876 1.59349546290703e-07 5.5204225428014e-05
"XR_903526.3" 17.6238584286012 -1.97881978689713 0.521023377732553 -3.79794817558624 0.000145898817375285 0.0145315222105784
